0.045228
0.132147
0.043305
-0.137162
0.246159
0.050177
-0.182753
0.106650
-0.030620
-0.131783
-0.158643
-0.181795
-0.118354
-0.115846
-0.155324
-0.028902
0.179972
0.115456
-0.166826
0.156675
-0.063362
-0.095034
-0.091343
0.110188
0.087851
-0.011554
0.139349
-0.168862
-0.136114
-0.174178
-0.049648
-0.210727
-0.077119
-0.022433
-0.141403
0.174957
-0.166213
-0.165024
-0.016806
0.052077
0.166417
0.070735
0.008328
-0.100341
0.054385
0.098786
0.029638
0.010311
-0.099199
-0.128458
0.185762
0.189436
-0.077662
0.140282
0.073468
-0.014090
0.002122
-0.010061
0.071076
0.002683
0.067469
-0.033623
0.187864
0.018214
0.151777
0.126235
0.070646
-0.138293
-0.026126
0.081837
-0.089462
0.144971
0.163980
-0.057907
0.100615
-0.172293
0.037587
0.027322
-0.075540
0.190326
0.044770
0.091355
-0.146577
-0.045097
0.068953
-0.032965
-0.052391
-0.160929
-0.025845
0.104793
0.153859
-0.108194
0.087401
0.137123
-0.139770
0.237151
-0.076074
0.089958
0.066649
-0.056778
