-0.480054
0.168966
0.365876
-0.590736
-0.315313
-0.195467
-0.316113
0.189835
-0.351839
0.299755
-0.360366
0.436832
-0.228420
0.129069
-0.392818
-0.528644
0.408178
-0.167405
0.260773
-0.047429
-0.294952
-0.493116
-0.398709
0.243128
0.090838
0.138259
0.387978
-0.185272
0.142385
0.145677
-0.397941
-0.006980
-0.217720
-0.344032
-0.078773
0.407338
-0.242851
-0.014604
-0.061034
-0.585428
-0.562726
-0.466406
-0.257828
-0.035543
0.145103
0.564255
0.384966
0.349958
-0.128725
0.121543
-0.448268
0.338480
-0.492390
0.049523
-0.163023
0.194510
0.003852
-0.093131
-0.153440
-0.203248
-0.504855
-0.383834
-0.244569
0.223825
-0.259950
-0.091540
-0.090243
0.405649
0.137884
-0.232005
0.387532
-0.219057
0.168692
-0.199808
0.466539
-0.006248
-0.479559
-0.227734
-0.318978
0.255422
