23
27
2e
3c
23
2a
26
25
21
33
2e
24
2c
27
26
2b
21
22
3e
37
1f
1d
2a
23
27
22
21
3c
3d
21
1c
3c
34
24
27
21
41
48
33
24
2c
2e
2d
27
22
2b
33
41
32
1e
37
25
2c
22
26
2a
37
44
23
2c
29
2b
22
22
2a
30
38
27
2d
2b
25
21
29
20
25
2b
34
2f
2e
2a
23
00
00
00
00
00
00
00
00
00
00
00
00
00
00
00
00
00
00
00
00
00
00
00
00
00
00
00
00
00
00
00
00
00
00
00
00
00
00
00
00
00
00
00
00
00
00
00
00
00
00
00
00
00
00
00
00
00
00
00
00
00
00
00
00
00
00
00
00
00
00
00
00
00
00
00
00
00
00
00
00
00
08
08
07
12
0b
13
08
07
08
0e
19
1b
1e
1d
0f
0d
07
08
0b
11
1a
16
1a
1a
13
09
08
24
2f
1b
21
11
18
0f
09
07
24
04
1e
17
15
16
12
0a
07
1b
1e
1b
13
0e
0d
0f
08
08
19
1a
1b
12
0d
0e
09
0a
08
0d
11
0e
0e
0d
13
0c
08
09
0e
0a
16
10
0f
0c
0c
0e
0b
00
00
00
00
00
00
06
00
00
06
00
05
00
00
06
05
00
00
0a
00
00
00
00
0b
06
01
00
00
0f
0a
07
02
05
00
02
00
00
02
00
11
01
0f
0c
00
00
00
03
04
08
04
05
00
04
00
09
00
00
00
07
02
03
02
00
03
00
00
00
0d
01
05
00
00
0a
00
00
06
05
00
07
00
00
00
00
00
00
00
00
00
00
00
00
00
00
00
00
00
00
00
00
00
00
00
00
00
00
00
00
00
00
00
00
00
00
00
00
00
00
00
00
00
00
00
00
00
00
00
00
00
00
00
00
00
00
00
00
00
00
00
00
00
00
00
00
00
00
00
00
00
00
00
00
00
00
00
00
00
00
00
00
00
00
00
04
06
03
11
05
0a
03
05
04
07
03
00
00
00
0b
03
04
04
0d
09
0b
00
12
03
06
03
03
00
00
04
00
09
0a
0d
04
04
12
1f
13
00
07
0d
00
03
04
0e
00
0a
00
00
0b
08
0b
03
00
0e
07
0b
05
0d
04
09
04
00
00
0f
0c
02
04
09
04
04
03
03
0b
0a
10
0b
06
01
04
00
00
00
00
00
00
00
00
00
00
00
00
00
00
00
00
00
00
00
00
00
00
00
00
00
00
00
00
00
00
00
00
00
00
00
00
00
00
00
00
00
00
00
00
00
00
00
00
00
00
00
00
00
00
00
00
00
00
00
00
00
00
00
00
00
00
00
00
00
00
00
00
00
00
00
00
00
00
00
00
00
0e
11
1b
1b
1e
19
19
10
0f
11
17
0f
13
15
1e
16
12
0f
12
18
0a
0a
0d
21
0f
12
0e
2d
1b
25
15
1e
20
11
13
0e
23
30
25
27
1f
24
1e
0f
0e
11
18
27
1d
19
19
15
13
0e
16
10
12
15
20
13
1a
10
0e
14
13
07
11
14
16
18
12
0f
10
12
10
11
12
17
15
0f
0d